3.576100e+11
3.365406e+11
3.185895e+11
3.081926e+11
3.081926e+11
2.920819e+11
2.920819e+11
2.851441e+11
2.585846e+11
2.585846e+11
2.513498e+11
2.513498e+11
2.513498e+11
2.323194e+11
2.323194e+11
2.323194e+11
2.323194e+11
2.323194e+11
2.323194e+11
2.273028e+11
2.273028e+11
2.087928e+11
2.087928e+11
2.077618e+11
2.077618e+11
2.077618e+11
2.077618e+11
2.077618e+11
1.889821e+11
1.810234e+11
1.810234e+11
1.810234e+11
1.810234e+11
1.810234e+11
1.696413e+11
1.696413e+11
1.696413e+11
1.696413e+11
1.696413e+11
1.696413e+11
1.696413e+11
1.696413e+11
1.687872e+11
1.603419e+11
1.569284e+11
1.569284e+11
1.569284e+11
1.569284e+11
1.569284e+11
1.569284e+11
1.508595e+11
1.508595e+11
1.508595e+11
1.460014e+11
1.460014e+11
1.460014e+11
1.460014e+11
1.431739e+11
1.348927e+11
1.305374e+11
1.305374e+11
1.305374e+11
1.305374e+11
1.238412e+11
1.238412e+11
1.220969e+11
1.220969e+11
1.220969e+11
1.211680e+11
1.202166e+11
1.185662e+11
1.059949e+11
1.059949e+11
1.059949e+11
1.059949e+11
1.059949e+11
1.059949e+11
1.028895e+11
1.028895e+11
1.028895e+11
1.028895e+11
1.028895e+11
1.028895e+11
1.028895e+11
1.028895e+11
1.028895e+11
9.963642e+10
9.668115e+10
9.575365e+10
9.575365e+10
9.296495e+10
9.296495e+10
9.285984e+10
9.285984e+10
9.285984e+10
9.285984e+10
8.638552e+10
8.638552e+10
8.638552e+10
8.638552e+10
8.638552e+10
8.638552e+10
8.270937e+10
7.884425e+10
7.884425e+10
7.884425e+10
7.884425e+10
7.858179e+10
7.858179e+10
7.858179e+10
7.858179e+10
7.858179e+10
7.780869e+10
7.780869e+10
7.780869e+10
7.613580e+10
7.613580e+10
7.613580e+10
7.414188e+10
7.331400e+10
7.331400e+10
7.331400e+10
7.219094e+10
7.219094e+10
7.219094e+10
7.219094e+10
7.219094e+10
7.219094e+10
6.833401e+10
6.833401e+10
6.812107e+10
6.812107e+10
6.812107e+10
6.812107e+10
6.781508e+10
6.763545e+10
6.763545e+10
6.763545e+10
6.541151e+10
6.541151e+10
6.541151e+10
6.278417e+10
6.266014e+10
6.261405e+10
6.261405e+10
6.261405e+10
6.261405e+10
6.229501e+10
5.813181e+10
5.813181e+10
5.702039e+10
5.702039e+10
5.473368e+10
5.473368e+10
5.473368e+10
5.473368e+10
5.473368e+10
5.473368e+10
5.473368e+10
5.473368e+10
5.473368e+10
5.473368e+10
5.473368e+10
5.319646e+10
5.319646e+10
5.319646e+10
5.319646e+10
5.319646e+10
5.319646e+10
5.319646e+10
5.319646e+10
5.319646e+10
5.319646e+10
5.319646e+10
5.107599e+10
5.107599e+10
5.072816e+10
5.017263e+10
5.017263e+10
4.981048e+10
4.981048e+10
4.981048e+10
