3.634595e+11
3.634595e+11
3.343884e+11
3.343884e+11
3.343884e+11
3.331264e+11
3.146473e+11
3.049996e+11
3.049996e+11
2.916558e+11
2.916558e+11
2.916558e+11
2.859855e+11
2.374459e+11
2.374459e+11
2.374459e+11
2.374459e+11
2.374459e+11
2.347632e+11
2.347632e+11
2.287977e+11
2.140993e+11
2.140993e+11
1.891351e+11
1.891351e+11
1.891351e+11
1.891351e+11
1.891351e+11
1.891351e+11
1.891351e+11
1.891351e+11
1.891351e+11
1.831400e+11
1.830929e+11
1.830929e+11
1.830929e+11
1.830929e+11
1.784425e+11
1.784425e+11
1.784425e+11
1.784425e+11
1.784425e+11
1.784425e+11
1.784425e+11
1.741292e+11
1.741292e+11
1.685601e+11
1.685601e+11
1.685601e+11
1.685601e+11
1.685601e+11
1.436719e+11
1.436719e+11
1.436719e+11
1.384495e+11
1.384495e+11
1.384495e+11
1.309197e+11
1.309197e+11
1.294755e+11
1.175009e+11
1.175009e+11
1.175009e+11
1.175009e+11
1.175009e+11
1.172914e+11
1.172914e+11
1.172914e+11
1.172914e+11
1.172914e+11
1.172914e+11
1.172914e+11
1.159732e+11
